440
570
630
730
1230
1280
1840
3483
4900
6370
8500
9880
9900
11020
11130
11610
13120
13140
17080
17500
17510
17520
17530
17550
17570
17580
17700
17730
17740
22350
24200
25600
31740
35420
35800
36620
36630
38830
39000
39120
41010
41300
47410
48900
60600
72900
90530
92500
95700
99900
99910
104700
105430
106010
108210
109400
109410
109600
110500
113400
113420
113900
200110
200210
201070
201190
201210
201230
203290
203850
204300
205710
205890
206210
206480
206500
207230
209710
211380
211500
212070
212160
212180
212200
212220
212240
212370
212390
212500
212740
212800
213570
213650
214420
214850
215080
215100
215280
215830
215870
216150
217750
218130
218170
218210
218230
218310
218330
218450
218470
219340
219700
219830
219870
221080
221120
221200
221220
221360
221790
222500
222520
223390
223630
223710
223750
224000
224260
224320
224600
225600
225840
226320
226980
227180
227220
227700
227940
229100
229950
230310
230410
231060
231390
233570
234310
234330
234820
235340
235400
235780
236110
236390
237310
238070
238110
238260
238590
238960
239220
239660
240320
240380
241640
241660
242720
242740
244050
244590
244630
244930
245550
246280
246820
247830
248570
250420
250600
250740
250820
251450
251670
251950
253490
253510
253530
253710
254300
257400
257710
257730
258700
259020
259080
260430
261430
261820
261980
262410
262650
263100
263500
263540
264120
264380
265630
265690
265770
266030
266070
266150
266430
266450
268420
268850
269390
269910
270370
270550
271240
271290
271920
272350
273110
273550
277950
280620
280790
282660
282880
283060
283880
286080
286100
286940
287920
289780
290060
290470
290730
290830
290930
291150
291410
291480
291550
293200
293260
293500
293540
294160
295550
295710
296630
297210
298160
298240
298260
299360
299420
299910
300040
300080
300970
301520
302590
302670
302830
304030
304050
304890
304930
305070
305260
305280
306040
306830
306930
307290
310110
310370
311730
312280
312450
312990
313240
313730
314000
314010
314280
314420
314860
314970
315060
315880
316010
316390
317360
317400
317410
317470
317600
317760
317780
317790
319150
319570
319630
319730
320590
321330
321400
321480
321840
323370
323630
323910
324120
324810
324830
324850
326160
326360
326740
326960
327640
329020
329110
329280
331120
331360
331470
331580
332070
332650
332950
333930
334030
334370
334920
335240
335330
335430
335820
336040
336390
336510
336520
336670
337410
337950
338000
338180
338540
338810
339000
339280
339600
339610
340200
340350
340460
340540
340810
341060
341190
341300
341890
342150
342200
342280
342370
342480
342570
342980
343330
343630
343740
343750
344190
344670
345330
345390
345460
345520
345650
346120
346250
346330
346610
346750
346900
347360
347370
347950
348250
348700
348840
348860
349210
349480
349720
350020
350470
350490
350660
350990
351030
351140
351410
351570
351630
351640
351790
351800
351840
351980
352160
352700
353130
353220
353360
354200
354290
354510
354520
354530
354540
354550
354640
354900
355000
355180
355500
355840
356130
356310
356330
356370
356420
356520
356670
357370
357500
357830
358390
358640
359080
359800
360480
360620
360730
360870
361630
361710
361720
361730
361740
361750
361760
361770
361780
362060
362180
362190
362200
362210
362220
362230
362240
362250
362260
362270
362400
363970
364110
364450
364470
364880
364960
365050
365070
365270
365300
365510
365670
365720
366160
366530
366580
366800
366960
367120
368290
368950
368980
369030
369400
370070
370190
370590
370770
370800
371370
372000
372190
372540
372650
372670
372800
372820
373330
373680
373700
373720
374570
375220
375230
375600
375950
376140
376310
376560
377260
377330
377430
377590
378300
378370
378480
379870
380140
380360
380600
380840
380890
381560
381640
381940
381990
382000
382260
382490
383080
384030
384150
384180
384980
385260
385370
385530
385590
385770
385850
386010
386180
386360
386600
386640
387450
387820
387860
387970
388370
388490
388520
389300
389430
389530
389570
389980
390090
390100
390160
390540
390670
391210
391270
391460
391780
391820
392040
392230
392450
392950
393360
393410
393530
393790
393930
394120
394140
394230
394380
394720
395520
396030
396060
396280
396420
397040
397100
397360
397400
397550
397680
397870
397900
397990
398450
398840
399520
399660
400030
400040
400070
400230
401550
401800
401970
402450
402560
402570
402840
402890
403040
403690
404020
404070
404410
404480
404580
404700
404790
405480
405980
407060
407090
407120
407250
407900
408030
408930
409020
409160
409510
409670
409690
410380
410390
410560
411181
411182
411183
411184
411185
411186
411187
411188
411189
411190
411191
411192
411193
411194
411480
411820
412140
412230
412310
412360
412400
412470
412940
413170
413620
413690
413851
413852
413853
413854
413855
413856
413857
413858
413859
414530
414550
414730
415270
415660
415860
416030
416040
416450
416670
416690
417060
417860
417890
417920
418280
419910
420020
420090
420790
420880
421110
421180
421670
422500
422630
423880
423890
424280
424780
426610
426970
428060
428610
428870
429180
429200
429300
429540
429680
429790
429940
430890
431390
431500
431540
432290
432310
433350
433750
433850
434120
434430
434480
434510
434520
435030
435060
435440
436110
436150
436160
436180
436340
436470
436520
436740
436820
437160
437400
437720
437900
438040
438100
438140
438600
438680
438720
438920
439260
439370
439940
440090
440120
440740
442080
442110
442120
442220
442290
442710
442810
443110
443250
443580
444090
444200
444250
444560
444620
444640
444770
444930
445130
445230
445720
446150
446750
446770
446990
447270
447570
448310
448390
448570
448710
448930
448980
449000
449020
449040
449050
449130
449140
449470
449780
450220
450390
451130
451230
451330
451360
451960
451980
452220
452230
452490
452640
452710
452780
453000
453170
453190
453480
453680
453890
454070
454540
454600
454910
455020
455160
455300
455440
456450
456570
456920
457230
457330
457420
457550
457590
457670
458250
458260
458270
458280
458300
458310
458320
458410
458560
458590
458760
458890
458970
459160
459170
459510
459820
460060
460510
460540
460850
461180
461320
461560
461680
461750
461820
461910
461970
462530
462910
462930
463020
463060
463180
463250
463390
463670
464050
464540
464700
464780
464800
464940
465440
465520
465710
466170
466240
466260
466270
466660
466720
466900
466910
466940
467360
467380
468530
468560
468700
469650
469830
469930
469960
469990
470040
470130
470760
471630
471710
471770
472060
472680
473910
474010
474030
475070
475530
476460
476540
477130
477200
477800
478000
478960
478980
479130
479310
480430
481890
482390
482920
483680
485000
485230
485610
485650
485760
485800
486460
486490
488160
488440
488910
489000
489520
489560
489920
490220
490230
490840
491130
491380
491660
491790
491800
492150
492630
492800
492840
493370
493400
493430
493480
493810
494220
494530
494710
495030
495400
495450
495460
495470
495520
495580
495750
495800
495910
496180
496190
497090
497570
497640
497810
497811
497812
497813
497820
497860
497940
498510
498600
498710
498850
499540
499950
500150
500360
500380
500660
500710
501050
501180
501280
501380
501470
502130
502550
503160
503630
504300
504370
504620
504630
504730
504990
505700
505750
506140
506280
507210
508250
508390
508510
509020
509190
509420
509510
509530
509560
509800
509860
509880
510000
510050
510130
510370
510630
510660
510730
510750
510790
511360
511800
512270
512470
512560
512710
512920
513000
513150
513200
513210
513440
513450
513490
513560
513650
513760
514390
515020
515230
515700
516470
516510
517320
517550
517680
517910
518580
518780
518810
519140
519170
519560
519561
519562
519563
519564
519565
519566
519567
519568
519569
519570
519571
519572
519573
519574
519575
519576
519577
519578
520180
520530
520860
520910
520960
521200
521320
521470
521570
521800
522230
522280
522660
523070
523170
523190
523320
523321
523322
523323
523324
523325
523326
523327
523328
523329
523330
523331
523332
523333
523334
523335
523336
523337
523338
523339
523480
523481
523482
523483
523484
523485
523486
523487
523488
523489
523490
523680
523740
523750
523960
524030
524240
524900
524970
525100
525370
525540
525780
526180
526350
526400
526430
526470
526680
526730
527240
527440
527640
527641
527642
527643
527644
527645
527646
527650
527651
527652
527680
528060
528450
528460
528580
528740
529110
529150
529540
529640
529670
529720
529770
529780
529870
530330
530420
530620
530630
530700
530720
530820
530830
530900
531190
531200
531270
531540
531630
531640
531800
531960
531990
532770
532840
533200
533540
533690
533780
533970
534190
534220
534460
534500
534610
534611
534612
534613
534614
534615
534616
534617
534618
534619
534620
534621
534622
534623
534624
534625
534626
534627
534628
534629
534630
534631
534632
534633
534634
534635
534636
535170
535440
535690
536210
536230
536930
536950
537060
537130
537140
537180
537420
537421
537422
537540
537590
538110
538880
538950
539190
539370
539380
539640
539650
541180
541190
541420
542120
542170
542210
542310
542480
542560
542590
542780
542790
542850
542870
542940
542960
542974
542975
543650
544130
544420
544510
544520
544590
544730
544810
544840
544920
545110
545570
545820
546390
546600
547010
547180
547260
547280
547440
547540
547680
547750
547820
547870
548280
548290
549090
549360
549770
549880
549920
550240
550470
550520
550650
550740
550760
550761
550762
550763
550764
550765
550766
550767
550768
550769
550770
550771
550772
550773
550774
550775
550776
550777
550778
550779
550780
550781
550782
550783
550784
550820
550900
551170
551960
552110
552140
552770
552960
552990
553030
553130
553440
553570
553590
553660
553730
553880
554140
554640
555210
555450
555570
556720
556750
556820
557260
557400
557670
557780
557810
557880
557890
557940
558100
558230
558680
558750
559010
559920
559990
560260
560380
560790
560970
561080
561200
561390
561970
562010
562290
562540
562840
563400
563430
563470
563560
564010
564080
564330
564710
565020
565030
565110
565640
565730
566130
566150
566410
566910
567090
568300
568400
568640
568690
568770
568810
569370
569720
570840
571350
571460
571500
572000
572520
572600
572660
573530
573770
573800
574070
574440
574740
574780
575720
576650
576790
576840
576860
576940
577210
577390
577660
578310
578410
578470
578600
579010
579040
579050
579080
579371
580410
580630
581120
581130
581650
581910
582030
582500
582830
583510
583740
584170
584200
584850
584880
585000
585030
585270
585280
585281
585282
585283
585340
585630
585880
585990
586030
586110
586980
587290
587540
587570
587650
587840
587860
588010
588120
588180
588290
588430
588890
589120
589160
589240
589370
589460
589620
589680
589870
590280
590430
590440
590770
590910
591360
591680
591740
591960
592450
592780
592890
592920
593090
593400
593620
593670
593880
594300
594310
594490
594960
595490
596470
596650
596710
596940
597240
598070
598170
598530
598680
599060
599390
599630
600120
600140
600410
600750
601510
601990
602090
602140
602630
603140
603630
603880
604500
604530
604950
605610
605810
605850
606010
606180
607200
607260
607460
607770
607860
608000
608510
608980
609940
610080
610480
610940
611020
611090
611120
611260
611500
612020
612050
612440
612590
612610
612620
612790
613220
613280
613590
613620
613800
613920
614250
614710
614890
614940
615020
615050
615160
615340
615400
615460
615650
616090
616220
616810
617350
617600
618080
619020
619310
619550
619600
619910
620070
621880
622060
622270
622290
622300
622310
622380
622470
623310
623840
623970
624050
624460
624770
624771
624773
624920
625080
625430
625470
625480
625580
625860
626010
626680
626700
627010
627011
627012
627013
627300
627301
627302
627303
627530
627690
628190
628410
628440
628530
628610
628700
628730
629210
629420
630100
630140
630540
630541
630542
630543
630700
630980
631130
631660
632080
632280
632730
633140
633210
633251
633320
634060
634070
634090
635240
635241
635242
635243
635680
635681
635682
635683
635684
635685
635686
635687
635688
635689
635690
635691
636040
636560
636580
636930
637850
637960
638110
638360
638490
638800
638920
639010
639230
639650
639870
639960
640030
640150
641860
642000
642390
642840
643000
643270
643870
643980
644320
644540
644660
645230
645260
645480
645540
645830
646170
646171
646180
646360
646440
646820
646960
647000
648390
648430
648600
648870
649890
649900
650030
650031
650090
650460
650700
651080
651090
651280
651320
651470
652150
652330
652480
652750
652980
653220
653560
654680
655160
655170
655550
655620
656020
656620
656770
657010
657050
657180
657410
657730
657860
658420
658470
658510
659000
659630
659900
660070
660330
660340
660520
660740
660770
660830
660880
661260
661460
661700
661830
661950
661960
662470
662700
662830
662870
663090
663170
663690
665040
665200
665490
665740
665890
666220
666310
666860
667110
667120
667160
667530
667870
667890
668140
668170
668180
668190
668480
668490
668530
668610
668770
668850
669300
669440
669580
669630
670290
670500
670600
670601
670602
670603
670604
670605
670830
671310
671340
671341
671342
671380
671381
671382
671690
671700
671720
671860
672000
672640
672650
672680
672730
673070
673430
673560
673590
673620
673900
673940
674130
674400
674460
674580
675150
675151
675152
675230
675560
675630
676070
676470
676490
676770
676800
677290
677310
677620
678090
678350
678450
678460
678550
678800
678940
678990
679400
679470
679990
680040
680170
680310
680730
681500
681590
681660
682160
682300
682310
682420
682620
682710
682740
682960
682970
683670
683730
683930
684210
684250
684380
684400
684780
685070
685200
685310
685420
685450
686010
686140
686340
686870
686940
686950
687320
687590
687630
687730
687850
687870
687980
688150
688340
688500
688650
688940
689090
689400
689580
689830
690060
690200
690220
690510
690690
690930
691020
691540
691730
691930
691960
691961
692130
692270
692330
692920
693330
693810
693830
693990
694130
694180
694550
694720
695360
695720
696160
696430
696990
697040
697370
697610
697960
697970
698050
698740
698780
699040
699720
700030
700170
700330
700380
700480
700570
700590
701010
701100
701260
701440
701900
702160
702320
702690
702691
702692
702693
702694
702695
702696
702810
703030
703060
703090
703430
703480
703590
703760
703900
703940
703950
703980
704040
704060
704140
705210
705220
705370
705410
705800
705810
705830
705860
706620
706990
707340
707590
707680
707830
708100
708340
708680
709080
709240
709450
709850
710090
710550
710750
711390
711400
711690
711810
712090
712150
712390
712410
712650
712770
713060
713320
713380
713650
714010
714020
714070
714100
714210
714270
714580
714610
714780
714940
714941
714942
714943
714944
714970
715310
715510
715670
715810
716040
716260
716430
716610
716620
716800
716900
716950
717050
717090
717190
717300
717990
718270
718310
718500
718810
718940
719270
719280
719640
719690
719720
719730
719950
720300
720380
720670
721030
721090
721310
721510
721720
722350
722590
722620
722750
723420
723610
723780
723790
724110
724180
724280
724340
724350
724520
724610
724870
724890
724910
725340
725510
725920
725980
726390
726910
726920
727030
727280
727310
728110
728540
728730
729180
729580
729820
730090
730360
730550
730590
731180
731770
731790
732360
732730
732950
733420
733480
734020
734270
734290
734330
734550
734580
734750
734910
735360
735460
735470
735520
735530
735570
735810
735850
736400
736730
736920
737280
737490
737690
738060
738100
738310
738470
738500
738840
738880
739060
739260
739880
739960
740250
740470
741320
741590
742170
742470
742500
742630
742990
743000
743090
743190
743200
743201
743370
743680
744400
744660
744800
744810
744900
745560
745760
746010
746070
746280
746860
746910
746920
747210
747240
747250
747500
747610
747770
747890
747920
747970
748420
748660
748800
748880
748940
748950
749020
749180
750350
750360
750530
750540
750541
750542
750543
750544
750545
750546
750547
751260
751280
751350
751550
751590
751690
752180
753060
753090
753610
754010
754160
754350
754540
754620
754810
755150
755200
755440
755540
755770
755790
755800
755840
756220
757130
757240
757380
757490
757810
757910
758210
758280
758530
758560
758980
759070
759071
759072
759150
759151
759152
759153
759154
759155
759156
759157
759320
759410
759411
759412
759413
759414
759415
759416
759417
759418
759530
759560
759800
759820
759970
760490
760510
760530
760760
761000
761070
761090
761280
761890
762420
762440
762450
762560
763230
763410
763470
763610
763650
763860
763870
764030
764570
764690
765010
765020
765710
766090
766110
766250
766570
766650
767300
767420
767560
767590
767690
767810
768100
768350
768840
768970
769630
769940
770090
770460
770500
770990
771040
771060
771250
771310
771450
772070
772160
772460
772680
772700
773150
773520
773530
773920
774421
774721
774731
775050
775220
775850
776140
776900
777130
777140
777560
777890
777950
778030
778060
778260
778700
778740
779050
779260
779410
779560
779650
779790
779990
780120
780220
781030
781040
781440
781670
781990
782340
782630
782660
782670
783240
783570
783770
784840
784841
784842
784843
784844
784845
784846
784847
784850
784851
784852
784853
784854
784856
784857
784858
784950
785130
785990
786140
786350
786370
786410
786490
786570
786680
786850
787220
787260
787450
787640
787750
787790
787980
787990
788470
788540
788770
788840
788880
789100
789540
789620
790130
790450
790600
790710
790750
790790
791040
791150
791300
791930
792030
792050
792480
792570
793050
793150
793490
793950
794600
794690
794740
794820
795100
796290
796400
796910
796970
797010
797200
797390
797430
797470
797660
798280
798420
798940
798950
799060
799240
799300
799460
799860
799960
801120
801610
801910
802020
802200
802960
803010
803030
803220
803350
803800
804320
804580
804810
805110
805260
805270
805850
806000
806510
807050
807100
808290
808550
808580
808810
809150
809250
809680
809960
810020
810200
810230
810690
810760
811130
811800
812090
812460
812810
813090
813091
813120
813290
813440
813820
814700
814920
814960
815030
815660
816240
816350
816590
816810
817360
817370
817450
818620
818780
819790
820090
820190
820400
820790
821610
821670
821680
822110
822240
822710
822940
823420
823470
823550
823600
823830
824170
824300
824880
825170
825380
825580
826100
826230
826480
826810
827170
827220
827860
827930
828030
828050
828170
829420
830470
830580
831040
831050
831100
831230
831490
831590
831810
832080
832510
834000
834410
835450
835500
835860
836440
836940
837280
837310
837380
837640
838220
838330
838510
838900
839200
839240
839560
839680
839810
840060
840290
840410
840590
840620
841270
841300
841500
841830
841860
841870
842150
842420
842500
843050
843100
843101
843102
843103
843190
843620
843630
843660
844060
844380
844490
844870
844880
845210
845250
845660
846260
846340
846780
847650
847790
847890
847900
848340
848500
848700
849800
850230
850310
850330
850710
850800
851110
851290
851530
851650
851810
852250
852340
852450
852500
853230
853250
853780
853980
854330
855010
855580
855910
856070
856300
856600
856620
856640
856880
857350
857410
858020
858060
858380
858900
859090
859180
859220
860330
860730
861050
861260
861400
861920
861930
862160
862690
863170
863210
863400
863560
863730
864920
865200
865370
865770
865880
866040
866440
866450
866540
866950
866960
867090
867390
867420
867750
868070
868080
868090
868100
868320
868490
868810
868920
868940
869120
869480
869760
870800
870820
870890
871100
871170
871270
871490
871550
871620
871720
872240
872440
872600
872700
872970
873230
873250
873370
873810
873910
873960
874030
874240
874400
874650
874690
874760
874870
874880
875300
875480
875710
875740
876110
876160
876330
876340
876470
876900
877460
877910
878110
878280
878320
878980
879030
879160
879250
879410
879650
880270
880850
881300
881490
882110
882220
882410
883020
883290
883630
883860
884090
884160
884350
884550
884660
884830
885030
885470
885590
885640
885650
885690
885730
885860
886250
886270
886460
887130
887260
887520
887740
888070
888090
888350
888450
888451
888452
888600
888601
888602
888603
888604
888605
888670
888800
889210
889220
889240
889320
889530
889730
889740
889860
890070
890110
890300
890400
890820
890880
890920
890930
891130
891180
891190
891200
891220
891860
891880
891881
891882
891883
891950
891960
892170
892350
892351
892352
892353
892354
892510
892560
892630
892900
892920
892921
892922
892923
892924
892925
892926
892960
893150
893360
893390
893490
893520
893560
893570
893640
893730
894340
894380
894580
894581
894582
894583
894584
894585
894830
894920
895080
895150
895390
895391
895392
895393
895394
895670
895970
896170
896230
896590
897290
897330
898080
898160
898520
898550
898551
898552
898553
898554
898555
898590
898980
899210
899211
899212
899213
899214
899290
899530
899610
899930
903730
903760
904300
904500
904560
904740
904800
904820
905180
905230
905370
905460
905640
905650
906200
906390
906810
907000
907020
907030
907050
907160
907180
907310
907860
908010
908450
909080
909090
909110
909190
909900
910050
910210
910320
910460
911020
911050
911250
911260
911380
912250
912290
912560
912730
912810
912870
913010
913270
913370
913600
913690
914030
914160
914250
914320
914430
914450
914510
914700
915060
915190
915580
915720
916130
916390
917220
917240
917680
918170
919170
919610
920190
920490
920500
920670
921060
921070
921500
921520
921590
921700
922080
922320
922450
922460
922630
922880
923030
923460
923500
923820
924360
924540
924720
924810
925000
925160
925830
926720
927850
927860
927970
927990
929280
929860
930310
931070
931140
931220
931650
931690
931700
931780
931880
932190
932240
932800
932810
932870
933120
933250
933290
933380
933390
933480
933540
933930
934060
934430
934450
934500
934580
934710
934830
934840
934850
934860
935110
935120
935840
935920
936780
937350
937980
938660
939330
940290
941120
942140
942310
942320
942510
942600
943010
943170
943290
943390
943630
943640
943670
943700
943960
944110
944120
944450
944610
944630
944730
944840
945310
945490
945520
945610
945850
945880
945920
946040
946390
946391
946392
946393
946394
946395
946396
946397
946398
946399
946690
947120
947240
947530
947580
948080
948420
948460
948510
948600
948840
949000
949050
949060
949370
949380
949390
949420
949690
949910
950100
950240
950250
950380
950460
950530
950860
951170
951250
951690
951830
952090
952120
952250
952510
953250
953270
953290
953440
953570
954070
954160
954170
954350
956580
956780
956870
956880
957830
958260
958510
958650
958680
958720
959080
959170
959500
959750
960130
960270
960320
960330
961440
962380
962390
962640
963040
963210
963290
963910
964040
964180
964350
964470
964890
964960
965080
965460
965920
965940
966160
966420
966460
966580
966870
967490
968200
968260
968310
968440
968500
968700
969240
970210
970800
970980
971210
971720
972560
972600
972890
973000
974010
974090
974150
974200
974470
974520
974830
974840
974950
975030
975050
975350
975700
976020
976410
976940
976980
977160
977390
977400
977450
977490
977770
978270
978290
978620
978670
978790
978800
978840
978910
978970
979060
979080
979100
979170
979260
979680
979760
980730
980740
980850
980950
981290
981310
982010
982380
982510
982710
982830
983070
983120
983990
984110
984240
984570
985020
985560
985710
987020
987450
987790
987820
987900
987910
987980
988430
988480
989190
989490
989540
990060
990250
990720
991790
992070
992080
992310
992490
992520
992790
992860
993170
994190
994200
994260
994520
994590
994610
994930
995720
997180
997560
998660
998820
999200
999270
999540
999560
999760
999820
999830
999880
999900
1000110
1000380
1000540
1000860
1001550
1001860
1002290
1002600
1002690
1002850
1002890
1002920
1002930
1003010
1003400
1003940
1004190
1004410
1005330
1005870
1005910
1006390
1006730
1007260
1007360
1007740
1007820
1008000
1009040
1009320
1009321
1009322
1009430
1009910
1009950
1009990
1010800
1010850
1011000
1011110
1011510
1011810
1011960
1012240
1012510
1012730
1012940
1013360
1013970
1014350
1014370
1014550
1014880
1014920
1014970
1016110
1016260
1016970
1017080
1017100
1017170
1017480
1018730
1018750
1018930
1019250
1019910
1020410
1020520
1020640
1021950
1022180
1022920
1023320
1024250
1024330
1024500
1024790
1024800
1024970
1024980
1025200
1025260
1025500
1025580
1025710
1026110
1026820
1026840
1027480
1027990
1028170
1028750
1028780
1028860
1028930
1029110
1029500
1029970
1030240
1030730
1031110
1031140
1031700
1032120
1032520
1032660
1033100
1033810
1034200
1034740
1034880
1035750
1035800
1035890
1036200
1036270
1036850
1036950
1036960
1037410
1040430
1040490
1040820
1040890
1041060
1041320
1042230
1042460
1042570
1043180
1044200
1044750
1045020
1045130
1045140
1045590
1045850
1046370
1046490
1046930
1047090
1047190
1047410
1047480
1047720
1047750
1047910
1048040
1048570
1048830
1049000
1049360
1049400
1049420
1049590
1049660
1049800
1049950
1050080
1050190
1051130
1052070
1052500
1053000
1053060
1053170
1053960
1054560
1054600
1055760
1056500
1056580
1056710
1056860
1057130
1057220
1057420
1057430
1057690
1057720
1057850
1057990
1058000
1058370
1058990
1059320
1059340
1059600
1060450
1060510
1060630
1061150
1061430
1061600
1061680
1062410
1063100
1063770
1063950
1064150
1064420
1064610
1064670
1064950
1065110
1065350
1065390
1065750
1066230
1067030
1067110
1067120
1067130
1067600
1067900
1068070
1068520
1068620
1068980
1069300
1069310
1069360
1069380
1069670
1069940
1070800
1071080
1071090
1071120
1071170
1071310
1071320
1071700
1072000
1072170
1072390
1072890
1073060
1073860
1074040
1075000
1075140
1075430
1077160
1077230
1078000
1078080
1078770
1078800
1079570
1079720
1079810
1080060
1081160
1081460
1081740
1081810
1083480
1083920
1084050
1084570
1084980
1086240
1086260
1086470
1087060
1087080
1087820
1089080
1089130
1089650
1089860
1090190
1091010
1091640
1091960
1091970
1092270
1093340
1093720
1093850
1094020
1094580
1097120
1098150
1098840
1099110
